1 0.23411162027086121 0.35785633384260207 0.008143012878986475 0.00552561588216939
1 0.23431519559283587 0.4024974937327601 0.00855016352293582 0.00639808154777512
1 0.34811380057667196 0.35785633384260207 0.00814301287898651 0.006107259659239901
1 0.3477066499327226 0.4023520827884925 0.008957314166885126 0.006688903436310341
1 0.47086971972739305 0.4023520827884925 0.008550163522935748 0.005525615882169461
1 0.47066614440541843 0.35785633384260207 0.008143012878986439 0.00552561588216939
1 0.5604428613962443 0.35771092289833445 0.00855016352293582 0.00581643777070461
1 0.560035710752295 0.4023520827884925 0.008550163522935677 0.006688903436310341
1 0.5958649674198354 0.3581471557311373 0.009364464810834434 0.006107259659239901
1 0.5960685427418101 0.40249749373276006 0.008957314166885055 0.00639808154777512
1 0.5962721180637849 0.46444255599076434 0.009364464810834434 0.005816437770704681
1 0.5964756933857595 0.5431098768395444 0.009771615454783743 0.007270547213380852
1 0.30292007909829693 0.5423828221182063 0.008143012878986475 0.008143012878986581
1 0.23431519559283587 0.5418011783411358 0.010178766098733156 0.007561369101915858
1 0.2335008943049372 0.46037104955127117 0.009364464810834434 0.00639808154777512
1 0.3041415310301449 0.4602256386070036 0.00895731416688509 0.00552561588216939
1 0.2337044696269119 0.6239583618523387 0.00895731416688509 0.006107259659239901
1 0.3039379557081703 0.6239583618523387 0.008550163522935748 0.00552561588216939
1 0.38658953642988303 0.6239583618523387 0.009364464810834505 0.006107259659239901
1 0.49875953883792173 0.6239583618523388 0.008143012878986439 0.006688903436310412
1 0.49855596351594705 0.705970134419274 0.008550163522935748 0.005525615882169319
1 0.2337044696269119 0.7056793125307388 0.008143012878986475 0.006107259659239901
1 0.38679311175185765 0.705970134419274 0.009771615454783812 0.005525615882169319
1 0.3041415310301449 0.7058247234750064 0.00814301287898651 0.005816437770704539
1 0.23431519559283587 0.7622441698508413 0.007735862235037167 0.00697972532484556
1 0.3039379557081702 0.7620987589065737 0.007735862235037203 0.006107259659239901
1 0.3869966870738324 0.7626804026836441 0.009364464810834434 0.006107259659239901
1 0.49835238819397243 0.762389580795109 0.008957314166885055 0.006107259659239901
1 0.49774166222804844 0.7923442353142377 0.006107259659239901 0.00785219099045122
1 0.2339080449488865 0.8337863544305081 0.006921560947138516 0.005816437770704681
1 0.23390804494888656 0.8566158726805237 0.007735862235037167 0.006688903436310341
1 0.49835238819397243 0.856906694569059 0.008143012878986439 0.005525615882169461
0 0.4204809683191637 0.4800787561384179 0.05713852879598399 0.02354609703131203
0 0.4325679647952371 0.5305720531055649 0.0783823407842344 0.02406934363200776
0 0.4886076757297599 0.5227233540951275 0.03369708108481106 0.039766741652882444
