1 0.2332896908242349 0.35742510444527126 0.008641093505338553 0.006172209646670482
1 0.34805421394201264 0.3578108675481883 0.008101025161254896 0.005400683440836574
1 0.47091976222104515 0.3578108675481883 0.008641093505338517 0.005400683440836574
1 0.5608411415109744 0.35858239375402207 0.009181161849422139 0.006172209646670339
1 0.596485652220496 0.3578108675481883 0.008101025161254896 0.005400683440836574
1 0.5956755497043704 0.4027522690380071 0.009721230193505903 0.006557972749587293
1 0.5608411415109744 0.40255938748654857 0.009181161849422139 0.006943735852504247
1 0.4701096597049196 0.4023665059350901 0.00918116184942221 0.005786446543753456
1 0.3475141455979289 0.402752269038007 0.008101025161254825 0.005786446543753456
1 0.2332896908242349 0.4021736243836317 0.008641093505338553 0.006943735852504247
1 0.23301965665219307 0.46080961602700043 0.009181161849422246 0.0061722096466704105
0 0.2945874478777303 0.4444146841530322 0.00918116184942221 0.004243394132085854
1 0.3040386438991943 0.4600380898211667 0.008641093505338517 0.005400683440836574
0 0.341033325468925 0.42493364745572876 0.005940751784920266 0.009258314470005686
0 0.4617386003716229 0.4411356977782386 0.02052259707517905 0.004629157235002807
0 0.34967441897426355 0.47450420618055034 0.018902392042928044 0.005786446543753456
0 0.5081844779628176 0.4409428162267801 0.015121913634342619 0.0050149203379196905
1 0.5708324058765222 0.46486012860762793 0.007560956817171132 0.005786446543753385
0 0.5206060498767419 0.4843411653049314 0.007560956817171132 0.010029840675839381
0 0.42044320586912887 0.48008218158008154 0.0567071761287842 0.022760023072097083
0 0.431244572750802 0.53003850340782 0.07830990989213056 0.023145786175013967
0 0.4887618513957118 0.5232876491067744 0.03240410064501944 0.038962073394606875
0 0.3459137743855839 0.5832738116103523 0.024303075483764616 0.004629157235002807
1 0.3037884435470585 0.5425758042526193 0.009181161849422246 0.005786446543753598
0 0.3532046970307132 0.5402612256351179 0.008641093505338588 0.0027003417204182513
1 0.23357955881618275 0.5423829227011608 0.00810102516125486 0.005400683440836645
0 0.3872290027079838 0.5990900988299451 0.007560956817171132 0.003086104823335276
0 0.41099200984766493 0.5992829803814037 0.019442460387011806 0.004243394132085925
1 0.4987531157612595 0.6241647005195436 0.008101025161254896 0.005400683440836503
1 0.5705822055243863 0.5433473304584532 0.009181161849422068 0.006557972749587293
1 0.3872290027079838 0.6241647005195436 0.008641093505338517 0.005400683440836503
0 0.3532046970307132 0.6239718189680852 0.009721230193505832 0.0027003417204183224
1 0.30405847771910033 0.6241647005195436 0.008641093505338553 0.005400683440836503
1 0.23411962716026644 0.6243575820710021 0.009181161849422175 0.005786446543753385
0 0.3464538427296675 0.6646698263258182 0.023222938795597302 0.003857631029168971
0 0.38607307918143974 0.6525370981075986 0.0038455682807008885 0.0023242445652589083
0 0.4035260429169288 0.6526427455878375 0.00621207183805538 0.003380719367649192
1 0.23380664613402843 0.7058487935774732 0.0077504965569291425 0.006274211498466542
1 0.3045945146873144 0.7060333292097812 0.008783896097853017 0.00590514023385083
0 0.3459304963242697 0.7228260717497943 0.016017692884320242 0.021037062083093333
1 0.38674977819076306 0.7056642579451655 0.008783896097852946 0.00590514023385083
0 0.4244688614344848 0.7099085774882457 0.008783896097852946 0.0025834988523097025
1 0.4991319782662353 0.7058487935774732 0.008267196327391133 0.005536068969235117
0 0.3875248278464559 0.7281776050867215 0.006200397245543385 0.005166997704619405
1 0.3875248278464559 0.7615785545344399 0.00826719632739099 0.007012354027697825
1 0.4983569286105424 0.762685768328287 0.007750496556929178 0.005536068969235117
1 0.3043361648020834 0.7623166970636713 0.009300595868314936 0.0062742114984664
1 0.23354829624879747 0.7623166970636711 0.007233796786467188 0.0047979264400036924
0 0.3469638958651936 0.7887052924836919 0.023251489670787395 0.0036907126461566977
0 0.38726647796122504 0.79313414765908 0.007750496556929037 0.002952570116925415
0 0.40922621820585753 0.79313414765908 0.017567792195706033 0.002952570116925415
0 0.3864914283055322 0.8431433040145034 0.006200397245543244 0.021775204612324614
0 0.33249630229225924 0.843696910911427 0.04288608094834114 0.024358703464634316
0 0.3549727423073537 0.826904168371414 0.0031001986227716574 0.003321641381540985
0 0.4043175703864691 0.852554621262203 0.005683697475081288 0.00221442758769399
1 0.23380664613402846 0.8339165223991116 0.008783896097852946 0.005536068969234975
1 0.2340649960192594 0.8566144051729756 0.008267196327391061 0.006643282763082113
1 0.4988736283810043 0.8567989408052833 0.009817295638776855 0.006274211498466542
