1 0.23400245542709908 0.357918608008965 0.007979965805318089 0.00617497353982948
1 0.34771696815288167 0.3581561069912661 0.008644962955761244 0.005699975575227185
1 0.4711504810889879 0.357792216836657 0.008644962955761172 0.005937474557528332
1 0.5605925978235946 0.35791096632780767 0.007979965805318158 0.00617497353982948
1 0.595671197509472 0.3575547178543559 0.008312464380539808 0.005937474557528261
1 0.23374649838077527 0.402204526526969 0.008644962955761244 0.005937474557528332
1 0.34779350968177936 0.40267952449157124 0.007979965805318089 0.005937474557528261
1 0.47098423180137716 0.40267952449157124 0.008312464380539666 0.005462476592926038
1 0.5607588471112055 0.4025607750004207 0.008312464380539808 0.006174973539829409
1 0.5963361946599153 0.4027982739827218 0.008312464380539524 0.005699975575227185
1 0.5710663029430746 0.46478550836331756 0.006982470079653211 0.005224977610624962
1 0.5712325522306854 0.5435164209961431 0.007979965805318089 0.005937474557528261
1 0.30440244561536234 0.4601542782084455 0.007647467230096509 0.005462476592926108
1 0.2335802490931644 0.4603917771907466 0.00831246438053963 0.005462476592926038
1 0.23358024909316444 0.5422101765934869 0.008977461530982823 0.00617497353982948
1 0.30390369775252996 0.5423289260846375 0.008644962955761244 0.005462476592926108
1 0.23391274766838602 0.6245035739608296 0.008312464380539666 0.005937474557528191
1 0.30473494419058395 0.6239098265050766 0.008312464380539666 0.005224977610624819
1 0.38669584298270493 0.6239098265050766 0.008644962955761244 0.005224977610624819
1 0.49891411211999037 0.6239098265050768 0.008312464380539666 0.006174973539829409
1 0.49841536425715804 0.7056094764166665 0.008644962955761315 0.0056999755752271146
1 0.3868620922703158 0.7060844743812688 0.008312464380539595 0.005699975575227256
1 0.30423619632775156 0.7060844743812686 0.008644962955761209 0.005224977610624962
1 0.23341399980555366 0.7059657248901182 0.007979965805318052 0.0054624765929261795
1 0.23391274766838602 0.7622529836954867 0.008977461530982823 0.005937474557528332
1 0.3042361963277515 0.7623717331866373 0.00864496295576128 0.005224977610624962
1 0.38686209227031576 0.7624904826777879 0.007647467230096509 0.004987478628323885
1 0.49874786283237954 0.7626092321689384 0.007979965805318229 0.0056999755752271146
1 0.4985816135447688 0.791227859536225 0.008312464380539666 0.0054624765929261795
1 0.49858161354476876 0.8564213301778861 0.007647467230096509 0.0056999755752271146
1 0.23374649838077527 0.8337401773681279 0.007979965805318089 0.004987478628323885
1 0.23374649838077524 0.8563025806867356 0.008644962955761209 0.005462476592926038
0 0.3326535283640926 0.8436909438426224 0.04374565746713863 0.024636977419679768
0 0.3869149688762165 0.8429398164822663 0.005888838505191813 0.021932918922397987
0 0.40437116873089207 0.8527044721668955 0.0037856818961946458 0.0018027056648546136
0 0.3553676197412608 0.8273163673868598 0.0033650505743952406 0.0027040584972819206
0 0.34632404632257346 0.7885581955924854 0.023134722698967564 0.0051076660504215
0 0.3879665471807151 0.7933654106987647 0.007150732470590029 0.0027040584972819206
0 0.40941874459248495 0.7932151852266932 0.015563358906578131 0.0024036075531394373
0 0.3870948422732941 0.7284613636034502 0.005538447579950017 0.005615015979672791
0 0.42461335813747125 0.7096382986715924 0.008039681970895102 0.0019142099930704148
0 0.3462408010495042 0.6650686405190825 0.02284839996433 0.004662938768230589
0 0.3861513178703144 0.6525634865497366 0.004154254538969013 0.002543421146307736
0 0.4036585334273985 0.6524575106686406 0.005341184407245975 0.0031792764328844214
0 0.3527689153250272 0.6239499986537761 0.008605241545007445 0.002543421146307665
0 0.3465835215368497 0.5830792977910184 0.023145132431399276 0.0050868422926151876
0 0.3878293344594714 0.5992936075987294 0.007121579209661206 0.0031792764328844214
0 0.4109744668908705 0.5991876317176331 0.02017780776070701 0.003391228195076863
0 0.35296326957883795 0.5400530900659813 0.008011776610868892 0.002119517621922995
0 0.4206182720706202 0.4803886690088489 0.056675901210221154 0.023526645603345317
0 0.431745739585716 0.5305152607673278 0.07774390637213585 0.024162500889922212
0 0.48916347196361015 0.5226730455662129 0.03353076877882181 0.03942302776776785
0 0.3494024799740073 0.47434804378636836 0.016913750622945613 0.004662938768230589
0 0.2945069735662014 0.44425089355506175 0.009792171413284265 0.005510745816999858
0 0.34139070336313826 0.42475133143337 0.005044451940176771 0.00847807048769205
0 0.46127062005910346 0.4414955206465618 0.018100680491222505 0.004239035243846061
0 0.5083027160895749 0.4410716171221772 0.016023553221737926 0.005086842292615259
0 0.5209138459400168 0.4845217283715988 0.006824846742592072 0.010597588109615046
0 0.34584169036917667 0.7221196537891674 0.016913750622945544 0.02204298326799915
