1 0.23357065822076756 0.35813515252953887 0.009589411187949431 0.006849579419963874
1 0.34798778194116653 0.35792291009305344 0.008225380933611106 0.005566047248308266
1 0.4709355811593541 0.3580775225166176 0.008225380933611106 0.0058752720954365146
1 0.5605489418571176 0.3582321349401817 0.007359551361651953 0.005566047248308337
1 0.5961236602938179 0.35777314812737177 0.009524125291549907 0.0061844969425647635
1 0.5959072029008281 0.4027653633845304 0.008225380933610964 0.0058752720954365146
1 0.5601917330575166 0.40230152611383807 0.008658295719590682 0.006184496942564835
1 0.47101128714573265 0.40245613853740225 0.009524125291549623 0.0058752720954365146
1 0.34806348792754505 0.40245613853740225 0.008658295719590613 0.0058752720954365146
1 0.23334106964296872 0.4027653633845304 0.008658295719590647 0.00649372178969287
1 0.23377398442894823 0.4601265725268187 0.008658295719590718 0.005566047248308337
1 0.30412263715062243 0.46059040979751104 0.008225380933611142 0.0058752720954365146
1 0.571014602707005 0.46491955765730636 0.008658295719590682 0.005256822401180088
1 0.5712310600999948 0.5434626688278789 0.008225380933611177 0.006493721789693012
1 0.23355752703595847 0.542225769439366 0.007359551361652094 0.0058752720954365146
1 0.30412263715062243 0.542225769439366 0.008225380933611177 0.0058752720954365146
1 0.23355752703595847 0.624015741504785 0.008225380933611106 0.006184496942564835
1 0.3043390945436122 0.6241703539283492 0.008658295719590718 0.005875272095436586
1 0.3870258186657031 0.624015741504785 0.008658295719590613 0.006184496942564835
1 0.4980684612694536 0.624015741504785 0.008225380933611248 0.0055660472483081945
1 0.4985013760554331 0.705960325993768 0.009091210505570331 0.0055660472483081945
1 0.38680936127271337 0.7054964887230757 0.009091210505570189 0.0058752720954365146
1 0.3039061797576327 0.7059603259937681 0.008658295719590753 0.005566047248308052
1 0.23399044182193798 0.7061149384173323 0.009091210505570223 0.0058752720954365146
1 0.23399044182193798 0.7623938605946716 0.009091210505570223 0.0058752720954365146
1 0.3039061797576327 0.7627030854417999 0.009524125291549801 0.005256822401180017
1 0.38745873345168264 0.7620846357475435 0.009524125291549765 0.00649372178969287
1 0.4985013760554331 0.7620846357475434 0.008225380933611106 0.0058752720954365146
1 0.49871783344842285 0.7908425465304694 0.010389954863508848 0.006493721789693012
1 0.4985013760554331 0.8562436016980921 0.008225380933611035 0.006184496942564692
1 0.23355752703595847 0.8338248002812949 0.008225380933611106 0.005875272095436657
1 0.233990441821938 0.856088989274528 0.009957040077529272 0.006493721789693012
0 0.4197392002568847 0.48003268273493904 0.05592703354930172 0.02306849472355502
0 0.4319486230739857 0.5306708418842061 0.08034587918350368 0.02475643336186394
0 0.4888602874956342 0.5225124717990464 0.03268974496191575 0.03994788110664395
0 0.33182060398089164 0.843406672941681 0.04214220133644552 0.024193787149094276
