1 0.23349312413116885 0.3578030016794074 0.008145108981319886 0.005817934986656965
1 0.34786402941053496 0.3578030016794074 0.007466349899543232 0.005817934986656965
1 0.470380043671221 0.3580454156371847 0.00950262714487316 0.0053331070711022475
1 0.5603156220066277 0.3580454156371847 0.007466349899543232 0.0053331070711022475
1 0.595950473799902 0.35853024355273955 0.008145108981319921 0.006302762902211754
1 0.23417188321294546 0.4028919978259994 0.008145108981319815 0.005817934986657036
1 0.3475246498696467 0.402649583868222 0.00814510898131978 0.006302762902211825
1 0.470380043671221 0.4021647559526673 0.00814510898131985 0.006302762902211825
1 0.5603156220066277 0.40192234199488985 0.00882386806309647 0.005817934986657036
1 0.5962898533407902 0.402649583868222 0.007466349899543161 0.006302762902211825
1 0.23383250367205716 0.4603441058192375 0.00882386806309647 0.0053331070711022475
1 0.3040840686359408 0.46058651977701487 0.00814510898131985 0.00484827915554753
1 0.5959504737999018 0.46543479893256245 0.00814510898131985 0.005817934986657036
1 0.23383250367205716 0.5425224375057681 0.00882386806309647 0.005817934986656965
1 0.3037446890950525 0.5420376095902134 0.00882386806309647 0.005817934986657107
1 0.5962898533407902 0.5434920933368776 0.007466349899543232 0.005817934986657178
1 0.23383250367205716 0.624215941276744 0.00882386806309647 0.005333107071102176
1 0.3047628277177175 0.6237311133611891 0.006787590817766507 0.005333107071102319
1 0.38689267661269255 0.6239735273189666 0.008145108981319921 0.006787590817766614
1 0.4988879251058404 0.6237311133611891 0.006787590817766471 0.006302762902211754
1 0.23383250367205718 0.706151859005497 0.011538904390203122 0.007272418733321331
1 0.3047628277177175 0.7054246171321649 0.012217663471979811 0.006787590817766756
1 0.38621391753091594 0.7059094450477198 0.009502627144873231 0.005817934986657036
1 0.4985485455649521 0.7059094450477197 0.00882386806309654 0.004848279155547459
1 0.23451126275383383 0.7626343111676257 0.00882386806309654 0.005817934986657178
1 0.3037446890950525 0.7626343111676257 0.00882386806309647 0.004848279155547601
1 0.3865532970718042 0.762149483252071 0.010181386226649778 0.006787590817766614
1 0.23315374459028057 0.8341464287119519 0.008823868063096506 0.006302762902211754
1 0.23417188321294552 0.8574181686585799 0.008145108981319886 0.005333107071102176
1 0.4982091660240638 0.856933340743025 0.009502627144873231 0.005333107071102319
1 0.5928960579319069 0.8678419688430068 0.008823868063096398 0.006787590817766471
1 0.5925566783910187 0.8353584985008387 0.00814510898131985 0.0058179349866568945
1 0.4982091660240638 0.790511916312024 0.009502627144873231 0.006302762902211895
1 0.49820916602406384 0.7623918972098483 0.008145108981319921 0.006302762902211895
